# ===================    Plik z danymi o Kartonach    ==========================
#
# Linije zaczynajace sie od # sa ignorowane
# Format danych: trzy wartosci (szerokosc, dlugosc, wysokosc) rozdzielone spacjami.
# Kolejnosc podanie nie ma zasadniczego znaczenia

92.68   98.5    71.18
81.53   75.11   85.51
87.81   59.93   95.69
99.08   67.66   73.36
88.02   65.92   76.59
58.87   90.69   77.38
95.48   92.83   43.7
84.59   51.87   84.37
58.89   72.52   86.68
97.11   57.78   63.25
69.3    67.87   74.54
55.94   95.32   65.37
62.98   99.63   54.43
54.99   66.05   92.34
66.3    64.31   69.29
94.97   55.72   54.84
49.11   67.43   75.71
62.63   55.45   71.07
31.46   99.1    78.42
74.44   73.58   43.63
32.62   87.65   79.86
56.85   83.36   44.69
83.63   28.79   87.18
51.09   47.13   83.83
37.82   82.97   60.83
71.48   37.16   71.74
28.35   80.22   82.96
82.54   46.61   48.75
99.74   50.24   36.11
27.94   75.51   81.78
48.58   93.12   36.11
59.29   91.91   27.68
47.46   33.42   90.9
25.53   57.63   93.22
91.62   16.75   87.9
62.83   79.38   26.11
21.99   69.9    83.93
96.11   41.59   30.95
56.64   28.3    76.77
75.17   34.41   46.73
57.67   39  52.76
61.73   84.55   22.25
22.35   76.21   64.24
82.56   24.31   51.79
77.78   54.91   21.62
64.54   33.24   41.12
71.05   22.82   45.27
21.18   42.88   78.07
18.52   65.4    52.91
99.87   63.02   9.99
20.27   75.4    39.46
35.61   68.27   24.72
39.73   20.29   74.49
14.15   80.18   50.82
84.92   11.08   60.58
99.28   11.13   48.61
40.46   45.04   28.11
11.27   97.78   44.13
92.42   15.32   33.67
47.33   15.11   66.58
13.1    55.99   64.24
29.16   27.11   54.95
11.54   97.59   36.07
5.72    70.14   95.57
26.69   23.19   55.95
46.77   8.79    77.22
7.51    90.96   42.74
4.77    96.27   60.3
53.91   65.05   7.66
99.08   92.98   2.89
10.42   28.07   84.98
29.7    36.35   22.92
66.62   98.58   3.5
34.32   71.11   9.33
52.14   14.04   30.79
26.4    52.79   15.3
34.67   10.65   57.64
9.55    74.77   29.25
3.24    73.51   82.94
92.57   8.51    22.39
20.94   28.67   29.24
90.94   81.84   2.2
40.23   32.17   11.09
25.45   66.18   8.37
4.47    50.29   52.12
54.2    24.22   8.16
9.25    29.48   35.25
23.19   9.17    39.18
3.52    79.85   28.73
77.65   36.98   2.2
69.02   75.29   1.15
23.29   47.95   5.13
12.23   11.64   37
90.15   0.59    98.55
41.79   1.31    81.24
95.56   0.34    94.07
43.23   1.43    48.9
81.41   12.18   2.34
70.57   3.23    10.1
11.84   19.17   6.62
55.56   0.76    29
1.73    9.65    52.54
7.86    1.85    58.65
0.74    51.46   10.64
32.75   82.62   0.13
